/usr/lib/python2.7/argparse.pyc
coucou
fuck
./dim_3
coucou
COMMENT : # This puzzle is solvable
DIM : 3
Get dim 3
7 5 0

['7', '5', '0']
7 5 0

2 3 8

['2', '3', '8']
2 3 8

4 6 1

['4', '6', '1']
4 6 1

john
[[7, 5, 0], [2, 3, 8], [4, 6, 1]]
[[7, 5, 0], [2, 3, 8], [4, 6, 1]]
3
need to be 0 : 0
Len path : 67 | Closed list : 581 | Open list : 367
[[[7, 5, 0], [2, 3, 8], [4, 6, 1]], [[7, 0, 5], [2, 3, 8], [4, 6, 1]], [[7, 3, 5], [2, 0, 8], [4, 6, 1]], [[7, 3, 5], [2, 8, 0], [4, 6, 1]], [[7, 3, 0], [2, 8, 5], [4, 6, 1]], [[7, 0, 3], [2, 8, 5], [4, 6, 1]], [[0, 7, 3], [2, 8, 5], [4, 6, 1]], [[2, 7, 3], [0, 8, 5], [4, 6, 1]], [[2, 7, 3], [8, 0, 5], [4, 6, 1]], [[2, 7, 3], [8, 6, 5], [4, 0, 1]], [[2, 7, 3], [8, 6, 5], [4, 1, 0]], [[2, 7, 3], [8, 6, 0], [4, 1, 5]], [[2, 7, 3], [8, 0, 6], [4, 1, 5]], [[2, 0, 3], [8, 7, 6], [4, 1, 5]], [[0, 2, 3], [8, 7, 6], [4, 1, 5]], [[8, 2, 3], [0, 7, 6], [4, 1, 5]], [[8, 2, 3], [7, 0, 6], [4, 1, 5]], [[8, 2, 3], [7, 1, 6], [4, 0, 5]], [[8, 2, 3], [7, 1, 6], [0, 4, 5]], [[8, 2, 3], [0, 1, 6], [7, 4, 5]], [[8, 2, 3], [1, 0, 6], [7, 4, 5]], [[8, 2, 3], [1, 4, 6], [7, 0, 5]], [[8, 2, 3], [1, 4, 6], [7, 5, 0]], [[8, 2, 3], [1, 4, 0], [7, 5, 6]], [[8, 2, 3], [1, 0, 4], [7, 5, 6]], [[8, 2, 3], [1, 5, 4], [7, 0, 6]], [[8, 2, 3], [1, 5, 4], [0, 7, 6]], [[8, 2, 3], [0, 5, 4], [1, 7, 6]], [[8, 2, 3], [5, 0, 4], [1, 7, 6]], [[8, 2, 3], [5, 7, 4], [1, 0, 6]], [[8, 2, 3], [5, 7, 4], [0, 1, 6]], [[8, 2, 3], [0, 7, 4], [5, 1, 6]], [[8, 2, 3], [7, 0, 4], [5, 1, 6]], [[8, 2, 3], [7, 1, 4], [5, 0, 6]], [[8, 2, 3], [7, 1, 4], [5, 6, 0]], [[8, 2, 3], [7, 1, 0], [5, 6, 4]], [[8, 2, 3], [7, 0, 1], [5, 6, 4]], [[8, 2, 3], [7, 6, 1], [5, 0, 4]], [[8, 2, 3], [7, 6, 1], [0, 5, 4]], [[8, 2, 3], [0, 6, 1], [7, 5, 4]], [[8, 2, 3], [6, 0, 1], [7, 5, 4]], [[8, 2, 3], [6, 1, 0], [7, 5, 4]], [[8, 2, 3], [6, 1, 4], [7, 5, 0]], [[8, 2, 3], [6, 1, 4], [7, 0, 5]], [[8, 2, 3], [6, 1, 4], [0, 7, 5]], [[8, 2, 3], [0, 1, 4], [6, 7, 5]], [[8, 2, 3], [1, 0, 4], [6, 7, 5]], [[8, 0, 3], [1, 2, 4], [6, 7, 5]], [[0, 8, 3], [1, 2, 4], [6, 7, 5]], [[1, 8, 3], [0, 2, 4], [6, 7, 5]], [[1, 8, 3], [6, 2, 4], [0, 7, 5]], [[1, 8, 3], [6, 2, 4], [7, 0, 5]], [[1, 8, 3], [6, 0, 4], [7, 2, 5]], [[1, 0, 3], [6, 8, 4], [7, 2, 5]], [[0, 1, 3], [6, 8, 4], [7, 2, 5]], [[6, 1, 3], [0, 8, 4], [7, 2, 5]], [[6, 1, 3], [8, 0, 4], [7, 2, 5]], [[6, 1, 3], [8, 2, 4], [7, 0, 5]], [[6, 1, 3], [8, 2, 4], [0, 7, 5]], [[6, 1, 3], [0, 2, 4], [8, 7, 5]], [[0, 1, 3], [6, 2, 4], [8, 7, 5]], [[1, 0, 3], [6, 2, 4], [8, 7, 5]], [[1, 2, 3], [6, 0, 4], [8, 7, 5]], [[1, 2, 3], [0, 6, 4], [8, 7, 5]], [[1, 2, 3], [8, 6, 4], [0, 7, 5]], [[1, 2, 3], [8, 6, 4], [7, 0, 5]], [[1, 2, 3], [8, 0, 4], [7, 6, 5]]]
--- 0.0461339950562 seconds ---
